7441
4842
5735
979
6580
9459
3655
449
3497
8824
5559
7179
7819
3525
3869
7561
6906
2633
2991
7623
2664
4388
5504
5013
4118
7124
1536
687
2158
1974
631
8372
3783
5169
7745
3794
9312
1800
7536
2386
7563
4808
4062
3745
769
2666
6189
3436
3144
6717
2539
7941
4445
4463
3661
6496
2598
8233
3224
4366
7540
9597
4546
5718
1773
8666
3491
657
1836
3985
3906
216
8861
3102
7123
5145
5712
6112
2804
9185
2823
4457
4414
5190
4763
5123
8935
2924
4821
5974
7104
673
5460
1423
7420
8886
8329
8919
4410
3004
8759
5762
9287
4348
6090
2682
8965
2481
3065
5289
7682
9808
4568
7021
3939
9367
8474
7543
4351
9700
9084
8671
5137
6530
6704
5860
1426
9540
5271
7042
4364
3989
3628
2174
6062
1100
5038
6244
2844
8240
3828
5687
7962
9710
7689
3149
5977
1687
9072
8390
2321
289
9372
3729
3239
54
5149
895
3242
1218
6512
2392
9494
8103
3948
4583
5147
7631
1406
1548
6519
6544
225
8515
2243
8259
630
1116
6034
5448
4948
2099
8554
2401
9431
218
8011
2055
9648
6991
3587
6135
7761
5779
571
3294
8684
4193
1151
9371
6128
5249
238
5891
8836
4843
1377
7848
1915
3193
3861
9402
8146
5652
8475
6671
9340
3964
5965
32
8417
2492
9269
4494
8720
5177
7851
5586
8276
8080
45
9954
3196
9236
7212
4401
6231
2259
1761
4442
3595
2616
9559
3623
5628
5848
6143
7839
4584
5133
5255
4662
5916
1519
7720
6293
7778
3944
8432
6195
7146
7710
9327
3650
9979
9476
6594
7558
7108
4020
1125
644
7198
3039
2183
7877
3029
9080
5663
8438
7622
8322
9905
8796
2237
4373
4041
5626
9209
1527
6102
1155
8709
9974
690
296
48
7345
8960
8457
4925
697
6824
1245
2170
507
843
2492
922
3614
5105
4967
1966
5146
6535
8957
4987
434
542
7497
2873
6682
3692
3430
2884
704
5184
2728
8495
3467
4283
544
5034
4328
6632
1286
6830
7912
8308
1725
3571
4359
2918
6580
8748
9325
3593
9329
3674
3563
8780
7121
6408
3179
7938
7536
6098
706
886
6712
9762
4055
2418
2864
319
5071
2028
6609
1813
1960
7114
9634
198
147
6848
6263
5794
4273
3083
8253
6590
0
4106
1732
9931
8023
6825
6663
3804
4281
3065
3374
7953
9747
6073
7804
9328
350
3993
6918
6016
2631
8162
8441
8737
3503
5352
4519
9197
3186
4790
7221
199
8768
2701
4893
3233
2162
9444
2289
5485
251
6847
4137
9667
6943
6293
1336
6909
6510
1293
1334
5050
5143
1822
9411
2097
2928
1517
5546
7388
1629
3012
2373
1017
4569
1118
3298
5480
3699
8349
6303
2166
5485
2381
8148
9311
1645
438
5762
7346
2962
1279
6452
2181
4415
1540
6212
6922
7668
9471
5922
7710
2624
5790
8485
1
3188
8325
6081
7404
3611
4403
5622
6423
926
2507
2210
6931
5793
2659
4959
9989
8839
3172
6896
1785
2032
9941
789
4848
4990
3305
5784
5489
4240
6630
5468
9433
9390
244
6622
6005
3954
4140
9311
4892
111
2918
3214
8525
6104
6878
2122
7396
2141
3854
8379
5287
5702
7428
1733
6264
9962
8485
2512
5604
9676
8739
7364
2303
7325
6793
6854
1749
8581
9611
8201
3282
204
4830
3074
8873
5409
2265
9
5962
1389
6163
3258
9614
1225
3289
5146
6575
7722
5768
6909
6565
9854
1748
3831
4193
3425
1426
4071
8261
6354
744
7011
3881
5516
148
6154
6856
6493
1221
3681
9054
9776
9682
8587
8140
6953
9304
8016
4955
8260
7621
1883
7079
8504
944
4148
7667
1804
3175
231
4526
6857
191
8964
5568
3530
9129
9201
3278
8429
9852
5756
2650
1815
4027
6681
4135
754
5839
4083
5614
3688
7133
3629
5127
9755
8996
3703
9149
2159
1193
3766
9584
8606
688
2909
6320
3432
550
3778
1189
5420
947
4140
3470
2488
4645
8166
6709
9474
459
2207
1553
8017
9435
5311
9535
8218
185
2987
8314
175
1788
3887
9728
9767
4903
2936
8228
7130
4374
1195
8708
8134
9461
2284
9612
8902
1096
7539
9263
900
9027
7241
824
9436
5613
3241
4044
1577
7134
9090
9966
415
7974
7391
8203
1365
7795
500
4998
2783
6914
9938
4342
7543
490
1917
3686
4434
7852
1225
433
8222
9308
3396
5295
5079
9126
5566
3884
5678
32
9698
8431
1733
1503
7969
7400
2998
1460
9036
1969
824
8502
5607
4812
1263
9750
8300
8451
5384
7584
8131
7541
7000
7071
111
1900
8311
4721
3442
4848
2113
8366
9578
4434
5164
7411
8010
3556
1049
2493
1083
8616
2489
3655
3340
5375
2387
6557
7961
4947
125
6954
2705
2537
4620
4698
426
6410
8494
9849
4725
4862
8313
5150
9583
4489
4330
1059
2909
3949
9401
1836
7896
3567
838
3738
2750
2644
827
9303
8947
3132
752
4904
492
453
2264
2279
1845
9685
3268
8581
144
8056
130
3651
8138
2779
8338
7672
7874
6597
2649
7132
1572
2104
4285
2131
5356
9911
7151
3438
3563
5013
7235
3453
6189
344
9367
1225
9712
6434
3327
8024
1987
1340
6931
6619
5239
5549
7183
4379
7233
2457
1812
7582
9666
6181
2619
1898
4511
4971
8919
1944
3617
288
4068
979
4206
8738
586
364
3073
6480
9687
7238
5283
3473
9180
8015
8945
7979
9644
4760
6240
116
2546
1293
2311
6928
5532
5949
7838
441
9523
8319
8168
4472
9417
8019
1717
5584
5256
4547
3050
8516
3472
8652
1481
6638
8532
7241
4372
3580
3690
5879
5379
2995
5858
5137
1835
9664
3645
9709
2160
6587
9524
2051
3763
9538
6777
5552
4221
2699
9358
5753
3710
6363
8180
1976
4635
512
414
5867
5188
6071
9376
7830
7177
9043
1319
7100
4883
1407
2030
6281
931
6640
492
6597
7190
7051
9113
5798
3596
4713
9980
6692
5430
7736
4465
625
82
8840
9120
6858
7607
3769
4244
5778
5504
2934
2775
1140
7035
879
6238
4116
4167
4625
1340
9864
712
3799
5520
5502
8657
2519
2279
6906
772
5496
7408
626
5627
8504
5394
6306
6883
6469
1225
4499
7383
767
6561
4536
9926
1022
826
7175
880
5678
7164
7187
9821
9931
367
1728
8213
9219
8948
1374
2848
1416
6295
2041
5221
1100
6519
7656
6304
4833
9040
5419
7298
7259
2214
7745
861
4005
379
7598
4009
8872
581
6804
3476
9593
4949
153
6622
8571
2173
1619
6190
2437
6891
2879
5148
7007
8904
8438
8685
2273
5096
6159
3997
5445
5687
6753
4941
8732
3035
868
7851
2535
5567
7839
6848
4058
1637
5851
1850
5937
8098
9306
119
9432
6216
5515
2700
1961
3177
9488
366
9334
893
2573
9801
8877
5060
7931
9678
856
6515
3479
7991
2077
3795
778
6567
7366
532
6590
6025
1732
3793
2347
4617
8459
9822
5602
7365
6125
1766
6687
7700
583
9917
3290
2409
6317
8753
5386
2112
5284
6643
3100
3737
309
3471
448
8461
4456
8610
8621
8494
7365
6709
3509
8690
4527
1563
3491
4503
5664
8990
5179
6055
3989
8047
6755
9207
8938
6240
815
8436
1191
8376
1241
3048
268
675
1497
7807
1800
1376
4970
1383
3695
6644
1510
1244
7853
5879
8145
1532
6815
3647
6108
1301
2811
6452
770
4074
17
1261
5861
6109
9526
9327
8423
9972
534
3196
6370
2068
539
7011
6225
7650
1971
210
4628
4451
2623
2561
3556
6608
2461
4104
5840
3806
9982
6991
4537
6686
7137
7537
6965
8482
3025
5789
1837
4568
3060
6873
5789
6142
2119
3028
3833
1642
7282
7788
6804
9616
8250
4037
7659
9806
1202
5878
7697
4934
4994
115
3193
4326
6883
6979
2717
1909
8719
1264
5517
5345
3488
4427
1730
106
6423
5418
5887
2153
4507
2997
6244
5549
3134
5139
3751
6801
8929
1734
6182
6033
3281
5266
4859
6188
2037
404
3712
5374
2945
7485
3002
4194
3974
6808
2905
9456
2409
300
5418
7981
6756
4657
6521
9435
926
5383
4405
5054
2893
4262
3708
9936
8106
3780
175
187
1276
747
4906
2603
8852
7944
2502
3813
8508
7024
2737
7855
1241
8073
1186
5983
6324
1247
183
201
9279
3742
7885
2488
8280
974
9828
4949
4945
4284
4343
2262
1372
8774
464
6689
6418
3915
4566
7647
741
6485
9840
2378
1927
68
972
1631
8132
7871
4853
4384
1119
5924
7066
8672
7284
1887
2962
1347
8371
598
1670
8184
1887
1294
1118
7210
4952
2982
2246
2311
4301
3837
998
1252
9452
7696
7366
2073
5681
5722
1834
4503
8393
4144
847
8506
676
9611
4626
372
1439
2135
2605
7864
2368
1873
4016
9843
8108
62
3767
2529
5621
6302
6640
4102
5413
4098
6063
1685
9494
4043
7212
9929
8339
9402
8065
8395
1879
1940
6160
5720
7573
6803
3284
2158
2049
4047
5083
8491
1395
931
7686
8563
9258
3516
8825
4697
1156
8296
6649
128
8063
4590
5458
248
2240
6259
3916
4937
3539
6935
7958
7543
4948
6403
7567
2173
2047
7035
3865
9895
2186
8253
564
6144
5715
3866
1714
6193
3406
1846
5895
2908
1300
8597
5535
1138
6684
109
8868
6105
6598
518
1196
8935
3374
4530
1583
1076
56
3948
890
760
2225
97
7130
8902
1765
3327
4554
8874
2406
7985
3548
4430
6484
6235
9499
2733
7327
6958
78
4922
1866
6555
2058
4934
3685
6976
769
8400
7548
2510
7519
7367
2641
972
2949
3302
3273
6803
7151
403
2550
3281
619
3555
6705
8579
3604
493
5148
5695
5306
5652
4093
9444
8470
4011
9620
4626
9410
6848
9468
8262
8298
7697
1458
5347
9581
6074
517
1961
7853
8558
5520
1788
178
1656
1811
2068
1902
8575
5214
2874
9335
2471
8540
9207
9321
2065
2210
8862
2683
1604
6432
282
5814
6049
3598
3674
2258
4140
6012
5572
4028
6482
5915
1691
644
3178
1862
5469
2352
5700
7936
9983
2883
659
56
9073
6199
8919
6659
9461
1195
2134
9427
9392
8048
159
3401
922
39
7055
4830
2348
5039
427
9394
4459
1572
8689
3068
9340
5420
3523
2829
3222
4020
274
4643
5571
7615
7312
1736
4997
8025
6500
7002
8876
8225
819
9624
7594
8486
1928
7424
6278
7726
9993
3302
6497
1951
442
6243
7993
5181
7502
4775
5780
2087
2339
3536
1111
5733
4395
1650
5742
8266
8161
4970
7689
7173
3996
2961
3256
4821
864
4951
4469
4383
879
9813
3292
990
429
7750
3956
2929
269
2778
2607
4107
7519
9769
9080
5597
5722
445
9062
1066
5279
8607
6174
8175
5451
6045
2561
5598
885
7092
3482
3239
122
1560
6067
1408
937
2948
4936
3271
7494
1229
7692
3706
7305
7250
1423
6862
1750
8877
7324
4167
2531
7342
4270
4318
7860
5961
3778
6868
6372
2376
8170
1432
3842
9768
930
5231
7606
2140
3285
2740
6261
3661
3837
2525
7698
2334
8736
8021
6826
3802
8292
948
5412
1961
2228
8352
430
9256
9813
6842
3989
1000
3017
490
7489
4895
526
2077
4988
9019
7956
892
5932
9010
4934
4139
5386
7893
2849
3134
686
60
8026
9965
7040
4303
3823
5042
1019
9447
1735
1062
118
156
5973
4312
8584
9761
8185
9950
4597
1616
8975
3913
1518
379
738
471
6427
9891
1918
1055
2448
4862
6289
6992
7467
9454
2068
6020
759
7035
4804
61
791
1847
4797
9642
1965
5186
4572
8530
5472
5748
4395
720
9548
6291
4144
708
7433
6454
8013
7162
7106
4671
4439
9564
5482
449
7426
7140
1170
2007
6995
9536
4120
3215
5888
9049
7530
8124
6842
4965
7230
966
9765
1567
6438
4454
963
2719
9250
9444
7200
7588
4524
4588
5836
4014
2921
5464
8522
8330
3781
8854
24
3006
5229
9359
5631
6408
482
2297
285
2162
5626
8998
91
9147
9362
8017
2195
6970
3139
8528
2138
5943
928
241
8740
5019
1470
7517
5356
5950
2249
4076
2869
6987
3687
8660
4228
4875
4072
1330
2479
9575
605
4702
4297
2194
9616
4333
8808
2939
9458
7755
7158
2549
2906
2162
1711
7637
1974
6666
5019
7637
6981
6194
7804
8649
3438
601
2039
7368
4844
4387
9941
6501
6862
9507
2191
1592
8493
6218
9008
8033
8845
4625
5858
6165
3896
2679
1508
1848
6242
4704
9901
9667
2248
8257
8915
5989
5234
6092
8418
9545
381
4304
7275
7867
6900
7368
3926
8971
5650
5708
8020
9004
5899
1662
1186
8215
3183
5295
3493
9600
1357
2354
8409
6804
5808
2855
3133
493
1564
291
3056
5280
9544
8224
8824
2523
6580
3206
1964
7818
9975
323
362
5864
5359
487
8030
9520
7393
6578
4530
4344
6478
8972
8176
4656
1024
9627
3755
2304
4089
7923
9811
4646
5221
735
2822
4032
3187
3858
5537
7073
2960
1824
4616
8303
790
8389
8307
9524
4487
542
8382
3076
2149
4741
1775
4525
1481
5270
6471
7888
3573
1109
3054
4389
9570
9499
8040
3963
5978
1527
7613
7240
4566
7473
710
4603
5762
7399
8548
8022
255
5534
3619
884
2108
5368
4933
765
8110
6052
7887
198
2313
9683
6499
911
1761
3391
2942
7678
9244
9725
4356
8985
1595
3794
9688
3056
7531
5859
9988
9390
7309
3615
4009
7982
7589
9282
7241
630
8802
2817
6556
1342
9071
4016
4547
5745
8224
3134
7329
2627
7865
1721
7090
4242
8560
2830
5990
5878
3224
2499
1152
9312
6581
2451
1425
9251
4130
7332
5371
6634
532
8499
6498
7748
6506
337
6123
3535
5389
4431
6495
9138
5368
1492
6761
9815
1050
908
2222
5626
8517
3006
2947
4011
1311
9693
1244
6288
883
4982
8787
1399
3974
8129
3225
7832
1107
8558
1009
2512
4931
3601
7874
3708
4478
7166
902
3484
1603
9892
6437
4114
8818
9095
6244
1976
3548
9861
245
1936
2417
7011
7956
5012
620
1348
2273
2160
5623
2594
8690
7479
1519
5715
193
4790
184
6970
3094
2605
8074
949
1907
3829
2950
87
1971
8188
3137
3736
7015
7336
3026
4708
5063
4876
2405
7413
219
6118
3995
3187
9684
5282
3052
5229
5120
1092
5288
7681
4931
5218
4505
805
9397
1847
9329
6974
3699
854
9221
233
4841
1457
3535
5570
7225
8067
3819
2708
8212
5077
8786
3224
9384
2792
3410
9119
1414
2361
8464
5567
479
3646
4489
506
1946
6249
4650
8997
2729
630
4227
798
7118
3148
606
5502
2199
6182
6530
756
7997
2057
1118
5567
4396
7384
7696
2519
1580
2678
4816
9839
3242
602
7048
6676
2137
5038
5067
2715
5679
2355
368
6283
5245
5669
8549
3508
6603
2699
6501
4724
441
7896
3097
3366
1376
9916
9977
6848
1012
6247
8932
8597
5626
7789
4994
5282
1875
7551
9872
3578
4577
9273
8629
6338
9028
3740
3621
8894
6620
2826
3614
2439
6555
3912
2747
2889
8367
203
3534
455
9652
5686
445
7279
897
7008
5804
7886
4661
8381
7682
2
9442
9768
270
1292
9578
3076
841
965
1217
5854
3781
3893
1023
7076
1446
8841
8639
5003
3600
1746
6131
2819
2083
9602
7650
3757
4985
411
367
3789
5115
9937
3378
6588
812
6536
4714
2434
3290
1217
7855
15
3572
1254
8227
7668
3850
2185
7025
8488
2610
4820
4429
1968
232
1018
6767
3338
1946
4399
2517
621
7975
9939
159
8576
6536
9413
6860
8147
3921
8040
704
9832
7327
1376
772
9453
331
467
8761
5227
7940
7608
3018
5742
7990
4654
883
9459
8363
769
8052
7725
4933
6749
4314
4896
3477
8599
3449
1171
9866
3913
1353
5973
6778
809
509
2341
1905
637
820
5664
2155
2504
6514
3327
723
9764
6345
5336
9056
6079
9616
9864
3709
1358
3722
1766
8914
5989
9822
6624
9239
5101
2027
7605
3170
3309
2065
7554
7665
4372
5754
4095
5750
9499
9832
1281
4123
2675
7681
7301
5349
1285
324
4136
9753
5582
4693
1680
5371
1081
4626
5824
448
3852
1295
7248
1878
9847
8864
5293
4713
5895
8032
9147
2398
1818
4830
6821
4762
231
4558
899
945
3000
1042
8887
7426
1133
9561
5144
7104
7861
7718
836
3996
3097
2286
8127
9524
1119
1655
4904
590
2301
2872
6758
6689
4056
9463
3618
3153
5745
1245
9499
294
7256
157
5129
3683
1197
6768
4897
9099
4188
565
1509
6793
3642
3402
4027
3602
2555
9537
7544
8211
6381
7588
5654
4379
2809
9433
84
9304
7445
8579
5391
9461
5760
5860
456
4253
4496
3453
2646
8568
3681
9141
5015
8960
3871
1530
1645
4591
1831
3483
1346
3291
1936
5419
5328
5132
9812
2338
164
773
9418
8425
3393
9495
4658
916
5456
2324
1869
543
8290
8938
99
9331
7897
3133
1939
7755
5446
577
8878
2367
9086
4283
1609
1872
6519
7763
7570
4325
6630
3229
5063
641
6954
2300
5792
9938
2633
9721
5342
336
1651
6349
4228
4830
603
6274
473
5572
5014
4375
8388
1490
8347
4805
7202
3561
4189
7985
7498
9237
6870
3505
3032
2539
6757
9003
459
9169
7819
588
9698
6593
6702
8645
3269
7545
4530
3978
3765
1601
4907
3142
4829
3601
4190
8574
2497
9539
3002
8650
551
266
1175
5156
5683
850
1823
823
5675
8750
4092
7571
6551
7122
8294
6875
2717
490
1567
7275
7472
8799
7010
500
9954
2430
4314
6836
8583
5143
5305
2496
362
4104
3539
6514
22
6183
3113
2440
2931
7500
8191
502
919
8869
1388
9276
751
3193
6131
1940
814
2170
5387
1154
2807
8706
6726
8301
1675
8326
1603
7388
8876
7589
4941
1250
1156
9993
9635
7865
9452
192
9432
7575
293
5506
2778
7778
5113
9594
9712
299
1270
6984
3637
8014
2236
8685
9905
1570
3435
8498
3540
4067
4482
6861
9141
1422
8234
4040
7043
8809
1962
7325
1124
9030
6215
7517
5326
6992
2500
8445
7914
5536
1773
9485
4749
1809
1903
5177
5470
69
3799
7864
9375
6388
2651
9009
971
3040
2899
2356
8745
5550
2937
7399
4485
3338
8344
4786
4686
5705
443
6207
9994
8499
411
103
3448
3209
7790
1071
3343
9481
6295
5260
1963
4068
9072
6221
7125
4118
234
5701
9502
306
9371
1696
5060
5877
1031
1686
8533
876
1693
2460
904
7006
2623
9173
1059
7446
8216
5359
9419
7677
5867
2493
9234
7932
5281
2436
9447
5230
2208
8534
1536
3101
4031
1550
1633
119
2395
4666
8294
4128
1107
7791
5831
7654
5897
5142
2851
1430
6337
1659
5727
7148
9197
3178
7168
7651
6802
2495
727
2571
3625
8469
3130
135
9218
8124
7648
1308
5888
2341
3373
743
5034
4205
7241
123
6963
5283
7897
3367
5166
9248
3102
9937
7527
4074
5277
1991
3778
3789
2992
3510
570
8243
9734
4654
3030
4685
5120
2642
4372
8077
7883
1159
3195
8018
4416
3985
1498
8911
1424
4885
5073
6580
6345
5068
1983
8926
4580
1557
4107
413
8291
4646
1356
176
7565
318
8118
1382
1054
3956
6690
5080
9872
4957
3073
5263
5497
8007
6316
3093
9667
5644
3804
7315
1894
8483
1394
4799
8086
4034
9076
9810
1993
2368
9975
3135
9716
7071
2945
2517
6360
2903
6738
3983
3053
7362
6795
9587
2028
1964
4068
860
7225
463
8983
8842
7987
5467
2617
918
3770
1934
1497
1929
8573
5910
2037
1995
4755
9509
5550
6324
7272
8636
5041
2938
1032
8235
517
2650
5989
937
441
1924
6912
8934
3127
3308
7328
5585
3357
5
50
2840
6342
872
9907
2907
3228
9605
7829
7750
9806
7243
9258
7990
2817
198
4035
3565
6307
7030
9347
2128
3853
5887
2111
7544
1154
1140
2256
111
7494
2118
3769
2147
3876
9040
6059
7452
249
1250
4270
805
4177
694
3441
4160
8557
9209
8140
9467
6537
1621
6090
4162
7651
7955
1627
4292
390
7072
2408
1960
2897
988
670
8312
5293
3793
8576
652
4267
1611
5696
2441
2982
358
5513
7890
7095
6196
7002
8673
757
9532
6768
8893
4807
7153
7041
5810
3085
8671
4884
8121
1755
2856
8378
591
849
6593
6275
3688
6859
4233
8615
9560
150
7942
7152
1145
1179
251
6083
9527
5089
8490
5540
5715
5118
7033
2567
6981
1417
7359
6918
4586
3395
7813
1875
9289
500
4654
3538
3366
8465
3482
5532
3056
5487
5467
9937
3303
5542
5924
9382
7481
4106
3738
9707
8365
4901
8893
7398
3059
5003
1944
1039
3785
9602
3637
1482
8502
7035
5098
1100
180
9329
9012
8546
1197
3426
32
1765
9829
3481
8305
8660
9084
5220
3436
1762
4228
9192
7484
566
4288
913
4639
2740
4514
2447
2129
3335
1360
1709
1602
9341
8862
2952
2728
5458
5482
4297
1098
5766
3459
5920
616
5171
8483
5566
6564
3921
6150
6440
9230
8294
3019
6173
9594
643
4370
4605
7954
2363
7773
2382
3546
4078
1444
2035
8247
8374
9021
8079
257
1719
7881
2988
4299
3892
6413
1385
3320
5172
6739
5710
2931
3846
3333
2781
3915
9164
4680
2177
9978
7770
4674
4150
7669
4855
2813
6925
2861
4808
7395
663
3513
9970
3921
8093
1603
248
1691
9912
8018
813
5172
6373
2987
9886
3156
5212
1194
3681
7934
17
5103
1010
8764
2480
2215
5733
8766
6570
2000
1286
2030
2611
6052
7846
8217
4487
670
9341
5212
3756
4494
4493
6507
309
5101
3328
8883
429
7534
8199
7717
9548
4611
6268
1754
8847
3585
8584
6569
1957
6197
9449
6068
417
9522
8570
4406
4346
3127
7681
6441
7791
4002
2753
3482
6604
4499
2690
2492
398
69
5515
1140
9088
2995
3435
8113
8869
5487
8879
8011
2066
548
4655
2730
266
1805
2680
6807
338
4170
7414
2410
8535
5618
2067
827
8741
6640
7948
1167
7087
7999
9886
3770
6674
9300
3591
5309
2936
586
3980
4964
2313
6677
7086
6190
4294
9295
1945
6595
9694
5154
3048
9210
6039
9134
8384
2069
4307
427
2889
9414
9988
6105
2195
7066
5377
963
6981
6554
9355
4656
3932
7437
5500
7197
5348
4944
9345
1671
5776
493
786
8680
682
5984
8269
467
9166
8838
7181
3924
9966
3683
6116
783
7615
8307
1134
148
3494
6047
9973
3230
4753
4133
5262
2675
2579
7675
8235
9174
149
1944
2193
6185
9740
1425
7992
9552
7935
2676
2239
2566
7650
9486
2526
8565
5775
3023
3062
2584
5640
6721
8322
746
4224
5509
2011
1093
5046
1628
3511
2383
9016
4800
4277
8025
7191
2767
2161
748
1307
9341
2544
9874
283
1016
1321
7143
3429
9929
6285
8904
4032
486
247
2207
185
9325
1388
9812
3255
3473
3708
4487
8223
9498
3255
6070
4283
7280
3798
5734
8538
5613
9049
665
434
3265
7160
8898
9620
8358
7254
8483
5361
970
7045
7320
1317
8709
5207
35
5550
2680
2112
6066
1926
1745
7768
8783
5770
6264
6381
8911
3562
8605
2792
6768
3749
6646
7268
6926
3345
8188
1572
5774
2876
8769
1096
7155
443
2709
4905
3769
4220
7385
8015
2360
1506
3701
7958
8818
1643
1543
728
5304
9535
7564
9594
5233
6308
4110
3947
3557
3724
2277
4312
9150
9363
9185
4001
3291
312
9351
7484
3288
4098
2758
483
3048
6985
7656
7038
3100
1352
4461
4380
960
5873
8184
7254
9049
4477
764
9588
1389
2662
1393
2843
2236
2624
2474
7215
9469
1892
1195
3967
3096
3670
1875
4606
4525
946
2214
5364
5414
543
7372
3491
5850
7794
9406
5250
354
7260
5995
4175
6806
19
1649
2151
7751
3452
6591
5182
5740
5162
3392
334
4393
8674
9085
265
4674
4941
976
7005
1499
279
7641
7205
9268
8362
2729
6933
6146
1156
8084
5300
6008
1273
4430
2661
3847
6115
2430
971
5116
2403
4240
981
2031
8207
5881
3390
142
8416
3720
8823
6628
8774
4129
4546
7733
3022
4016
4224
6499
7509
1326
668
3535
7688
8826
558
2942
1328
1571
4408
2722
3988
8243
4658
3984
3324
9268
9717
6117
120
84
2034
5699
5617
6195
3804
5387
6646
7800
4817
5276
2364
5651
3112
3291
8980
6566
613
3063
1738
6524
2715
7445
6673
1664
2922
3306
8147
2632
1052
8602
2025
5745
6292
5825
8506
5187
4415
6900
3073
4089
1869
3340
8820
8745
8101
2071
8481
9448
1502
1680
9898
3473
3640
6084
4388
584
1080
2596
3465
9108
4027
9191
5741
1103
6252
1420
2470
8435
1349
2863
7148
7676
6200
4267
1881
662
3745
5588
806
9269
3629
2045
8749
7519
1095
2
1531
1460
1642
963
2838
7452
1361
2345
1431
2462
647
1785
1604
5747
1993
7697
9265
9944
992
2561
5813
950
3314
6994
2020
261
9449
2034
4594
426
3291
4275
8752
4178
260
3482
1200
410
5622
5165
9228
5712
3860
1201
3291
8404
5539
47
2409
3172
8984
4364
3997
8269
237
7908
2304
4016
6290
5477
2580
863
3368
9342
1252
7611
4184
3165
5966
5583
5484
9671
3152
2509
9993
1510
4937
651
4863
5684
1693
7343
2170
670
1279
2506
5622
1944
1120
6926
1673
6002
4678
7151
2538
5157
9570
7677
3202
5419
630
8801
4488
7574
7522
8961
9444
7210
3194
3693
917
2908
6403
9450
3998
3041
8830
9399
8258
731
4877
108
1140
3371
155
2503
5712
7838
2874
7896
3095
5010
874
9989
2300
7552
5879
6802
7977
3037
5692
2190
9607
443
4536
5300
4064
1814
1492
7654
7130
2441
7097
1837
8569
2319
8560
2774
9639
8820
4751
2442
1574
5528
3166
1538
8473
5030
2394
7081
8292
4057
5268
3250
1183
7844
9845
3827
5310
6818
7636
8563
6425
2815
1081
2479
9001
3890
5197
6697
3539
6501
1503
1708
6738
1344
5869
9173
8708
4446
5790
6341
4101
8251
6689
7922
2120
8392
1376
3893
3725
587
1517
8126
3043
8688
5078
1924
3963
9274
9108
8638
2239
395
2930
352
8013
2081
2841
5322
3609
4038
5756
5300
6699
1606
5888
5192
9504
4497
5510
3596
538
4070
8122
1669
6610
4014
9945
9514
9285
6149
3547
3828
1807
7783
5631
7863
9605
9570
9539
4987
9946
3108
1861
32
4036
5699
1687
8479
7920
5598
505
2079
6915
4848
529
960
1981
8392
9320
6476
5429
7516
8962
6116
7688
2863
8785
1614
6443
7316
1624
4111
4415
1806
4975
5651
2288
7789
29
4622
8830
8564
3538
3831
1162
7841
9758
3833
4257
8090
2281
856
306
3037
8472
8211
5336
8399
2448
2417
2628
2463
6062
447
9898
3401
1180
2491
9932
3401
704
5384
2464
592
242
5503
8413
8529
7123
6305
6289
9573
8518
4947
4600
2873
5845
4425
3350
9872
8343
2581
2383
250
4730
6930
4219
9058
8188
4788
4315
1417
6578
1437
2202
4611
6752
5203
2837
8657
9089
7196
8692
5524
5995
5222
9591
4024
5978
5916
9112
2131
3151
6471
3494
983
520
7544
1409
5114
4257
1861
731
1663
5323
8862
1459
7177
4242
4314
2329
4452
4624
5244
2351
3375
1119
4768
7476
9162
7876
8435
6918
8545
4302
3561
3263
9489
5938
5689
5462
2849
9607
1796
3988
4994
3645
8141
3069
8881
5969
1792
5708
7335
5051
8731
3434
6327
1402
8214
4195
7975
126
2568
8611
2648
8262
3991
6954
7086
4212
5056
6597
768
338
7624
2483
5887
4011
5651
1172
7243
6812
977
2418
7135
6403
7597
902
6881
632
9165
4745
1000
8882
6483
6723
2295
1333
6628
8737
6042
2895
2990
16
9372
4841
6006
4774
7525
3878
7660
5596
2114
5313
8898
4719
7801
4277
8061
6514
2857
6536
132
1012
5964
8338
1170
102
6311
2935
9617
5139
6538
9966
6362
7166
8434
2718
8412
8652
9388
7424
6818
8745
3579
8220
8083
2391
5612
1187
9738
7342
5924
946
4965
2087
6620
3712
8189
2051
3639
1401
3441
991
6134
2436
9939
9496
6775
6199
4806
2714
7337
9773
1153
4981
2353
7525
858
9927
9897
6416
5265
777
2626
2466
3786
7090
4085
6718
9910
963
4993
2270
6476
7872
1727
7450
7253
4719
4540
4054
9823
434
6205
3726
5566
2510
2685
8
6162
6231
6240
8373
2409
2045
7902
1636
415
492
679
3549
2261
3452
7007
9074
3048
5059
4018
5893
3966
5570
7973
8012
1453
6737
4883
8989
5824
7765
7758
9277
8851
6815
2198
9442
8696
4206
1117
8603
2310
9938
6262
5355
9972
9994
8886
6630
3992
2976
4473
8489
3746
1067
6690
1675
2226
7068
3910
3899
5053
2294
7586
308
1501
8499
5512
3340
8526
675
4586
3281
2989
6569
7073
1221
4316
3055
1556
6834
9705
9136
4787
4409
6629
271
3459
1937
2888
8969
5559
9658
2735
2143
9420
6488
8718
6603
4821
4968
2792
225
4597
8020
6971
7845
7067
3645
3356
7731
9316
6947
5705
6594
8845
2372
9895
8546
6470
2896
8585
6147
6426
7055
6199
9740
644
9152
3946
4651
2874
2763
1001
4498
4937
2772
7202
2864
1752
6516
4687
4878
3984
392
686
4889
7188
4248
1432
6315
4117
2274
7545
5048
2517
5700
4618
8281
4175
9629
8771
6562
2241
3556
5888
8017
2922
2756
4988
188
4529
5595
681
6753
1554
39
7077
3495
3971
1166
5605
327
2265
331
2259
3931
6835
5749
5502
8614
6368
3781
4726
1352
3531
9921
545
692
7917
8627
2425
8164
5528
1492
6234
5143
1340
3999
4095
7767
6432
2111
1632
7408
4035
1279
3165
4437
9472
2134
3690
8624
7411
9043
7604
326
6100
33
8028
2835
2361
9137
7335
7746
2947
5142
9006
2001
7631
3918
3306
7390
6850
5032
4444
729
2070
7204
4825
5663
193
1291
2849
5119
4230
3965
4257
6783
1267
16
3487
2663
5298
6305
694
7818
6889
5790
2165
2585
3839
5762
6679
7322
7009
445
8059
8559
3318
4475
4610
734
3524
390
9462
8213
5885
253
1909
8204
8022
8801
8778
6314
8397
3081
6564
3013
5701
1462
9635
1086
9148
3110
7143
1244
5164
7534
1452
5531
6302
2665
3883
5875
6342
9060
9328
8209
1476
7310
9959
958
1248
5479
9585
354
4480
3514
4526
4043
4812
1949
3838
8768
7671
2949
1642
7509
5499
2758
6923
6397
899
5963
1675
1985
7961
3622
6553
4990
536
9276
4287
7494
2424
9152
5039
6785
8548
5416
4609
510
8069
4283
5936
4603
90
3959
6696
7587
94
952
962
2288
612
7096
872
8707
2721
3814
5043
9898
5939
4571
4065
6037
2845
1288
9836
559
1303
5528
4727
6240
1577
715
8580
8399
7817
7309
6455
7011
3386
8931
7627
9477
7351
3739
6897
1000
5076
2022
2503
121
9293
7935
1059
2792
9329
575
8859
9585
5176
7189
603
7097
35
9198
1150
6443
9637
9946
3253
8828
9130
1595
4403
636
8702
7432
8885
8215
7181
5006
6924
5577
8849
4968
1437
6634
2437
276
4292
7238
2853
497
8209
1308
5577
6357
7500
9633
861
383
669
9543
9867
530
581
8598
7704
5000
3372
5661
8980
8131
5584
8299
9893
9172
79
6310
7180
8077
5245
7371
8298
4980
8690
2286
9104
2977
6203
4109
4978
6996
9084
7567
8881
5113
8119
2613
5129
2465
474
8685
796
2093
6539
4321
7651
1493
7379
133
6232
8447
9869
1825
282
4760
5801
3952
4130
1975
3296
4393
7801
8811
3731
4167
4669
6117
5015
7112
4251
1464
2567
9237
8414
2150
2616
8062
2688
2361
8552
8182
5648
7487
9978
435
8404
6216
5835
8554
3112
8881
7522
9022
4122
8797
5261
6908
7894
1812
1177
2965
8126
8163
5470
4947
675
9850
7909
9208
8810
6228
5443
6999
3071
287
8163
3544
1618
8157
59
6997
6294
4817
8073
8680
6861
9653
2791
5606
859
6568
6789
1240
9365
4676
2128
695
9560
7257
6774
2103
3462
8617
835
6784
8450
775
7420
7010
9262
4480
9641
1655
3042
1973
4841
6838
8714
2105
9468
770
9460
1962
3184
9463
2411
2979
8792
2684
2777
3684
5320
7627
630
5654
5251
1094
7249
4075
3261
9719
4577
9342
3084
1702
5680
1589
1154
2884
6306
5694
519
4554
7657
378
6209
379
8311
1325
3699
5014
8854
4915
5406
7584
6242
6115
6263
9039
6160
1359
8335
3589
736
4825
6157
931
5833
4431
9023
7760
6841
2065
3812
4202
4430
1113
2097
3211
1997
3164
8259
8749
4721
4942
1133
1590
6065
5965
299
9983
1319
7199
9551
6088
9372
1098
4327
8074
3260
3769
6889
2098
7253
761
2913
7993
3248
8978
5835
7420
2056
8554
730
3497
5801
187
7841
6449
6109
5397
6949
735
9017
9423
7692
5235
1598
9088
7692
9628
7195
858
9863
6851
5853
7514
2639
3692
4027
5406
2033
8964
3009
8080
2404
1474
8598
6231
3600
8048
5527
8379
5774
5252
8913
1466
9539
7117
1535
5644
8409
5175
184
2917
2473
6431
6483
5035
7117
9497
7596
2049
8297
9059
85
9272
6289
4083
5783
7046
3206
5733
2014
4686
5607
6834
9745
7226
2485
5893
2337
1202
630
5205
4422
3601
3906
4343
5166
6303
342
7484
2658
6887
1089
5437
6495
5515
8287
983
3785
6722
4674
9201
9706
4452
6366
2819
7548
8414
1659
6308
4718
9953
2929
1439
591
5990
5755
1319
9255
360
9231
9554
5254
2829
4106
6107
3211
7470
878
1661
2876
3692
8233
7879
9586
5199
3357
1786
6360
4414
9541
8702
7976
2506
3238
9649
9200
8057
2259
5953
9084
600
9179
5886
726
8817
9145
5616
1236
6989
9304
9506
9760
7467
7821
2812
2376
1390
4080
3246
1441
4628
8085
6516
3516
1059
6276
4983
4421
654
3052
7838
2118
5561
2119
5874
8179
3430
9469
3805
6387
3529
245
8379
2660
7860
5077
1047
3947
6460
7541
9842
4982
3336
3335
6309
881
7061
3482
9786
426
7987
8402
3197
9604
2212
7079
1585
7445
987
5684
7074
6562
3073
3006
1689
8909
6714
5836
2517
3211
7363
6049
2050
4321
7046
2546
259
6271
1377
5446
3921
228
595
6960
3019
5722
1751
3231
3699
8544
150
4098
2136
1522
9537
3194
3961
5032
2134
9125
9427
2527
1610
9535
5367
2653
4352
3802
1182
3575
6959
6840
7594
7015
831
6000
3696
9232
7891
5460
9960
3648
5029
7600
2282
5163
8698
8903
4911
9341
5213
8653
8140
597
6813
2346
19
2244
8280
8136
32
7890
4007
3850
6673
7991
835
4167
156
7631
7650
2407
6121
1547
8784
9023
6137
290
4598
9397
6017
7018
9260
6809
3556
7870
2724
2561
3149
144
1149
4148
5920
1551
7638
4109
515
714
3018
6719
1496
3796
4647
7039
9393
4606
9729
7014
8922
5899
8469
6285
9591
7703
1533
1155
6005
4441
5773
3794
3522
6401
1921
5126
8617
2654
8052
9128
2282
1931
3038
3269
9120
5140
4889
9694
4391
8231
9937
4406
6213
6944
145
7210
354
5585
7460
3420
624
453
6117
9501
8716
4771
6054
8663
3568
6083
3196
9225
1769
8918
5280
8034
7374
5257
5064
3645
1582
2832
6340
9084
199
6618
1977
2027
9505
1989
7375
994
9247
8992
7174
9785
4822
5933
7856
8779
9398
7034
3931
962
723
3318
832
2576
6675
8078
3330
3155
8232
8288
4336
7355
8446
1128
5254
1485
1293
459
5741
920
4788
1494
7665
706
8644
3204
5341
536
7927
7041
1699
7070
665
7477
7964
1045
9155
4520
2609
4032
1853
903
3892
9818
5152
6965
9112
8408
2094
4353
2881
6394
8127
5643
6159
6086
2390
745
7578
7162
6675
2501
8687
8888
3216
3286
5110
7928
6786
1631
6375
6687
6152
2877
8145
9732
4912
689
1955
1378
1977
6927
9208
5753
7491
5768
8109
1813
875
4283
4550
9665
3871
5700
496
1287
2914
3513
6343
8288
2023
4250
6948
1689
9474
4264
4508
3886
8971
1194
5372
918
8782
3923
1950
3972
343
5751
5397
2654
1215
4316
9502
8957
5969
8339
1303
109
2541
5646
9354
510
934
9148
6280
7827
5755
7435
8274
5969
3990
4492
548
8168
4687
8660
4381
6658
7764
4418
8372
1555
5025
1829
3797
470
7653
7556
1531
2092
941
8229
5932
1547
8835
1685
9253
2658
7966
4045
8716
2435
3303
982
7183
6074
5284
9615
7548
6545
1341
3446
394
1451
3117
6510
4271
1275
4346
4456
8013
7307
3347
9698
4940
4660
8426
4955
9465
5570
4058
4490
7694
879
677
5230
4908
3065
1151
518
4501
2484
2547
7764
4873
9573
2697
7457
3084
9704
7222
5134
6658
4086
4199
9724
7796
9667
428
1442
7522
3338
5415
9875
758
899
6571
8241
7203
9234
1921
2939
7022
943
4630
8447
4808
4252
7061
6395
76
7466
717
4201
7616
6455
2468
3044
6451
5684
6712
7166
1829
8179
7797
6472
749
7469
6898
2237
7807
5022
2858
1369
4849
9998
6997
8122
4834
4229
7795
3388
7616
4269
2536
807
2949
4067
9479
5804
3867
6368
5940
8337
1884
8308
4788
2689
3906
6810
4282
7930
9641
2402
3930
818
7412
5826
2096
8868
5756
459
9469
5049
7963
4936
6162
7171
6789
4631
9232
4397
6994
7667
1693
501
4062
996
3744
8527
8467
4754
1821
4300
6218
8553
1375
6895
8053
1702
4803
2613
1597
420
6837
5259
3112
9027
5871
9603
8010
8846
1225
6797
2253
8055
3114
195
9916
8129
4241
7547
5774
7617
9342
868
5565
2049
1780
8399
762
9491
4308
4038
9133
4916
4532
8374
7150
2956
4234
2029
5393
7829
5776
6400
3508
1287
8036
9092
6957
4258
9020
1329
3875
5566
2167
2473
6633
1538
8650
2408
9402
3643
8497
5975
9938
7388
9265
4942
1113
4611
2136
2019
5292
3054
1846
8361
2551
1633
8619
659
1954
7164
7435
6439
3629
8490
2367
6547
8218
6922
1481
1864
9437
7687
838
7309
4921
5718
4521
9911
334
473
1276
9310
1797
8773
7359
8433
2078
1628
9485
9299
6721
907
1402
3891
7309
4369
2526
2890
374
3041
7333
5663
2162
3226
9766
3377
1372
6536
7759
3349
4302
5237
9185
6834
9404
6959
2026
4302
1164
2315
8353
2007
6408
1387
3845
1106
9705
140
1996
5945
8329
5854
4900
1243
1431
1429
568
8868
2500
2026
105
3651
9009
3928
6732
4240
8180
4727
2670
9428
3248
5989
9174
2520
292
4402
9643
6381
1729
5071
5664
9574
8904
1121
1084
9669
2884
7027
9767
3228
9474
9235
8551
3252
1811
6522
8131
3923
1426
4276
1042
9381
6606
1442
7764
7964
5070
6198
9077
5846
6515
6626
5204
4335
9425
5582
69
3226
5679
4806
2006
8554
5965
1878
655
6845
8774
5065
3458
9545
5848
5311
4147
680
7333
1702
9942
8007
647
6535
3779
2931
8028
8838
2842
7254
9142
643
4889
5502
6718
8603
9435
9997
5186
4644
1734
2089
4536
3290
3654
7066
4219
9982
7069
2130
4820
4287
2159
6511
8430
4233
5176
328
2163
3172
7614
4102
3143
8555
1503
3979
7374
2798
3596
8665
9435
3
4564
2822
4650
8741
8039
8264
547
310
8285
8661
9733
3939
4640
5678
2116
5239
5443
4453
350
1901
4124
4172
8772
1095
5368
5118
2726
6309
9803
7018
2132
7514
1577
4778
448
7387
4319
6763
7740
8125
7498
7664
4490
7875
7014
2703
987
3176
942
2408
5658
3974
3809
7552
4544
748
508
1950
3278
9087
4032
6774
2366
5631
9557
3796
6388
744
1097
6559
7774
7490
5950
7832
6242
3528
6450
8925
5695
2405
8178
1446
1396
3378
8691
4902
1561
4392
1090
4163
9195
1108
2305
9305
1929
6008
6838
6533
9909
5494
2884
3046
4356
9639
9248
494
2349
8791
8291
1475
6561
3576
2240
935
2223
18
7645
9727
7427
9474
5494
689
7029
3868
2571
8540
4865
308
3002
3681
3784
5602
7606
6535
8091
406
2689
3456
8363
4763
9191
7431
4359
1690
7751
6816
7742
3077
5153
3157
2666
2698
2886
4791
8948
4381
9096
6365
9502
9508
1074
5674
977
6939
6616
8290
4151
156
9077
7337
8499
993
2748
461
3609
6653
2315
8570
8612
6890
2565
1217
9637
1199
2291
1654
4463
1665
9344
522
3001
5707
2223
905
1992
4398
7203
9045
2436
6219
9048
4409
8621
3220
7638
9981
8371
6332
2462
8681
5147
9312
1862
4606
3949
6232
4162
8471
4658
5744
3363
5012
8392
6432
2956
6437
4728
1511
7601
30
245
7819
3894
9931
1716
3625
8252
2802
533
2116
2100
4595
8421
2588
1909
971
8380
9350
4457
7028
8918
9138
5669
2991
4118
1443
4815
1219
6835
2577
4501
6503
7436
3507
880
5992
5874
3566
7829
7277
601
6964
3458
3189
3870
6720
7224
9682
9289
1085
1209
8800
4158
858
9633
2176
6073
2043
6579
1793
562
7270
3059
3768
4100
1093
1073
7846
4767
8830
4092
9958
994
5973
535
7726
7398
5337
9228
9110
5536
2132
3595
2529
6552
2902
4364
2740
2148
2882
8954
512
116
7766
9403
5703
719
76
9658
2749
627
7373
7381
4744
1831
9424
5047
7327
3978
4065
13
6398
9896
7028
3516
4320
5758
9244
4092
7718
9264
6263
1777
6252
1515
8359
5651
5787
839
6578
8765
1298
9723
9564
1290
4527
9226
8344
4874
8926
8758
1396
8595
9741
2973
337
9661
223
1652
7334
58
5901
2922
8953
3709
7623
4937
7582
7412
624
6229
774
2789
1271
343
932
5800
5349
6074
2565
5008
1737
662
2058
9680
3158
9620
5328
4085
1325
3552
2089
4892
7241
9238
1485
4434
8684
9578
2821
3801
5967
4553
6823
6212
3960
3268
7405
2916
3048
5347
1275
1001
4216
8495
2879
4920
3769
7854
5159
1279
1337
1950
2389
9506
752
9485
9967
9356
7154
1003
7443
9945
5246
9533
5302
3926
3015
4755
3060
4797
2412
5882
6076
4907
3525
9548
1164
6671
1570
269
6558
9742
6679
2736
68
2469
4905
7137
387
6798
5125
1002
407
1998
593
3617
8137
4055
5776
2013
365
4396
8823
673
6545
3739
7491
696
5559
4259
1707
7955
6005
6054
9071
3931
1412
1899
535
7407
5422
7693
2279
9940
8386
4645
6364
3142
6031
3278
7115
1182
2922
8594
2416
7660
8285
406
9074
2009
9421
2734
9256
6914
8413
1448
622
4914
1149
9848
6236
9286
3742
7790
1595
1615
389
1117
5169
6002
8401
4652
5771
7810
709
3832
4721
3026
3486
7166
3327
2850
6686
4132
6493
6975
8309
882
1412
8149
8947
9180
6266
92
1820
2346
7564
608
4876
5695
6396
1815
5807
7929
3192
9837
7832
4246
7821
6980
3978
1574
6860
480
243
1234
2670
3210
3517
4613
9588
3417
8407
2964
942
2503
8233
3322
6904
2135
9377
8726
7233
4585
4883
2386
4867
3064
2761
2306
5997
2054
6790
4927
9801
1163
2797
3829
6297
9850
1341
2267
3945
4540
8555
6351
9546
4100
476
9086
1770
4407
2616
4127
6200
7875
5771
2142
4170
9142
1077
1945
9879
3891
2208
3208
260
3767
242
7467
9907
6701
7242
9410
9016
8614
7840
967
5722
9410
4262
6605
5470
3478
9125
9400
9166
2465
2048
3981
8693
6043
718
4199
3100
4538
4326
542
1294
5869
7530
4726
7339
8061
6025
6626
2663
7732
623
1791
5377
4448
5335
6143
674
599
6365
8138
7883
6524
3165
7677
9086
1042
9720
5337
1443
8233
4109
5135
367
2361
7036
8968
3512
4137
5516
1084
6161
3219
6177
6542
7081
3752
3768
8461
130
2074
4347
5037
1006
8273
9371
8813
397
6193
6463
7499
4490
9704
4946
7726
1314
6546
9434
599
6698
4955
2746
611
6787
2356
177
7564
4970
9931
780
4512
9875
1612
7747
3402
7618
1151
9150
4105
5904
6313
2417
1831
9778
4950
708
2532
8803
3751
7060
5830
3300
6785
2635
266
2907
7611
8694
6213
4143
5702
8035
7640
4951
5180
530
5163
3259
1484
9150
9222
3461
9452
7380
4118
9445
4539
6304
696
5299
7423
9786
7933
5126
1049
9168
1413
1569
8366
4694
9736
8563
8431
9450
8275
7612
8358
3065
3380
8450
8648
6615
9113
4327
9878
7230
2918
9381
9399
739
6234
527
7737
3383
1008
9164
5742
9081
3289
8582
5143
7025
662
1460
7177
5504
1130
8044
6191
1746
7253
9716
7735
4319
824
4511
3556
4163
199
878
9103
2667
4484
3436
2698
397
6236
9859
9346
8040
7081
1112
6341
1917
8683
8228
2230
44
4903
7572
5543
1111
9634
3114
4720
7992
8824
8608
6120
9439
4475
4784
2668
8452
3050
6657
1742
3515
641
3887
7247
9327
2494
2766
7454
6974
5040
1829
7153
9590
4468
4377
9951
8462
7037
259
4128
6259
2826
6133
3360
8628
6435
8148
1839
2723
5252
3470
1845
1433
8352
7431
650
5015
6828
1181
2808
7665
9407
688
3322
5143
5576
1705
6979
983
2143
6846
9199
3066
8108
366
4192
9351
7084
3375
6885
1429
6072
7270
6122
7226
4358
5957
7994
9656
6547
8109
9782
6326
9277
9101
6971
6491
2053
8584
8070
5358
8815
3679
4552
2613
8336
9681
6144
1528
8375
9872
4887
7400
602
3520
4932
9218
773
6487
8872
6457
1352
2010
5545
3647
1847
127
8727
9016
5495
3035
900
9893
9607
194
1356
6788
890
1394
3330
119
6343
8204
530
8396
4990
4224
9483
4352
5591
2378
444
5968
751
3137
6277
2666
8399
995
5656
3000
7463
7783
4232
9132
5772
486
4990
5095
4678
8092
6930
367
6741
6739
9396
7674
9890
4886
7931
4055
3951
593
6351
7258
3138
1122
8902
5271
1190
1001
5802
5434
4188
8474
5269
981
9770
1832
5213
7089
467
6476
8167
5548
3175
800
3750
7033
6405
3969
3989
2611
1891
1481
8137
1599
7357
5070
5314
1184
2835
1910
5227
4320
3761
4385
9509
6320
284
5721
8831
7305
3700
8697
3789
7208
7738
4319
838
2383
4539
4866
8028
8031
2613
1050
9158
8647
6781
6139
9107
9462
8189
855
7553
5484
5832
1635
3097
1129
9724
1373
4859
2691
9821
6196
4044
7912
4145
3981
3670
1789
4139
355
679
5417
5237
5742
1006
5126
5878
2634
4804
2490
8734
5739
6006
1876
3810
8904
7676
1104
4238
1770
2188
2541
2093
6038
3160
6487
3369
5880
4318
6040
8348
9568
8939
2837
6068
9708
2416
6005
9290
7591
9582
2472
9467
3134
7950
5382
9558
5641
7748
8773
6224
2179
9755
922
1927
9753
2324
5764
1772
4666
9704
1694
9549
7449
4775
9689
2350
4586
689
8185
3400
8868
7506
429
8276
8680
1937
1126
589
2778
520
3124
9339
1177
9204
1612
1698
4674
5159
2827
1744
5197
9890
6644
7811
6721
6224
7574
8528
1775
5605
6676
407
1732
6254
7691
7836
9991
7238
4281
9766
5942
8260
1713
6005
4177
54
5525
70
7772
5703
1751
4837
6690
8871
8170
1839
2346
999
3663
5006
7209
5840
3283
4896
3945
6344
9891
9985
2048
5894
9373
7499
1170
3152
5294
7424
9453
7368
649
9819
1998
8890
8851
7398
9368
7865
3495
2421
8488
2593
6569
9411
8633
7882
7781
2914
3354
2867
3461
2610
5105
7249
2089
6440
3123
4649
4929
6086
6667
1911
4472
8155
5116
3523
423
8702
3615
1104
2845
8373
7980
8881
4711
347
5382
7445
1606
3538
7978
9713
4623
9037
5087
4995
3581
8682
5792
9325
1613
778
7893
2827
8918
9541
1047
7760
2991
1595
1623
4127
5004
4990
4280
3225
7188
3660
649
3388
4028
2950
8595
6299
888
9911
6492
6714
7277
5455
5721
3229
8390
4091
1140
2794
7776
1021
3701
7086
6048
5618
1544
4567
5368
4988
5940
8075
7145
1195
6268
4129
838
1008
3832
6797
5044
7582
7788
5915
8184
9327
7709
6740
4974
2439
6384
5698
6634
36
3318
4793
7303
2650
4138
5445
6506
1958
3565
1076
7645
2055
9986
6563
5526
321
7753
1866
1656
2989
9317
6578
4696
8895
3034
1918
4869
8556
4086
6796
5307
4751
5306
4962
424
5038
1928
962
1214
6305
9279
3669
35
6362
5236
7474
2968
7815
9944
2878
6055
5047
3693
196
2901
5988
156
2361
4984
6518
6222
5382
2772
6877
1576
7937
5282
6234
847
4785
8073
3705
8685
2196
4819
1520
3418
7458
5600
8812
8102
8644
5836
2529
8705
5312
3386
5362
7936
5556
7756
9244
9808
9953
4598
6989
4385
8308
693
3930
4388
844
9504
6043
5329
1501
5021
968
8669
7330
2106
3600
3126
4649
4852
8454
2714
9563
546
6896
1347
7731
5769
8508
2922
5875
2879
2353
2669
5383
9667
5692
255
6620
2327
4866
7664
1036
2061
5444
5142
7047
8598
6503
6701
4775
9704
6967
2556
4221
4388
290
9687
1213
8869
7454
3235
5549
8664
7246
883
6175
7149
7093
9517
8936
815
7330
8511
3466
4122
6746
6780
7123
2294
7457
1386
5530
8741
2730
3943
1234
4842
2266
7292
4278
3790
5597
9031
1079
6890
5780
340
873
262
2351
8253
2248
2252
4642
7025
5767
7014
3987
9589
2542
7707
6078
3205
2781
3548
2800
4358
2764
8561
6258
6748
3506
6266
6340
2735
9434
3811
7221
3047
824
1054
7462
1703
9437
4991
3015
3151
2834
7552
2361
6421
9175
5319
8238
6733
976
2947
1021
8464
3233
8234
4616
4605
8633
5656
6980
6938
118
6934
3813
8041
9012
1742
5835
923
5099
9007
7111
4598
3584
9418
4395
4239
2700
2767
5136
2682
4878
9484
4901
5996
3860
4389
3300
9591
9906
2059
1218
2924
5333
7447
1104
234
3035
2453
6427
1932
1338
8957
5986
6289
9560
1533
3717
3900
11
8524
4871
7994
3790
8428
5003
2168
9704
9701
9077
3321
7938
5935
4171
1692
2648
5153
760
1743
586
1471
4377
7360
6052
9735
1543
2336
6029
8927
1311
2429
3142
8079
6511
8424
8286
9265
6828
568
9203
5797
9221
3514
6057
224
9879
7485
163
5900
5895
5733
7425
7980
4143
606
3732
4531
9474
493
5595
6105
4276
7791
5674
2623
6670
3628
9439
9688
5197
8562
6220
2567
3705
9704
5163
4967
1318
3810
4173
1512
8891
2750
7868
7309
5133
2478
8744
5383
2712
9126
4294
2919
7090
6171
1660
223
8576
4756
546
2098
1141
5194
4577
9963
9905
1453
1081
4419
2905
1972
9339
2224
1717
9566
7755
8675
9843
354
1128
6238
7372
6672
202
2938
5364
1746
7035
9511
3647
4533
1362
2590
1279
1584
5101
2315
9793
9063
4415
6677
5513
2091
1350
1610
8756
511
9935
5428
4491
9824
4883
8506
1207
3602
4538
4312
2109
8962
3535
5864
5560
9853
4826
2454
9710
3832
5162
5130
9634
6791
2899
5790
3978
6632
2092
4017
2123
1312
2243
7796
2150
8846
8764
9119
4545
6887
5266
3148
6488
7309
5110
81
6826
6862
6288
2166
2393
8415
719
4402
2185
8561
6253
6386
7107
6428
7311
4494
9492
5432
7978
8125
8386
4392
9564
1085
3746
6957
3201
9373
5081
8596
6843
9570
7860
8550
5240
7881
4033
89
855
8418
1393
6176
3536
787
193
9208
6781
1229
4413
2909
8881
8629
9390
1602
7917
6548
7142
7166
608
5106
5644
6727
6366
2028
8555
4836
9542
431
7465
2291
4820
2065
9589
32
2999
8627
20
621
6969
474
9139
1690
616
1631
2613
5433
6578
2339
3489
5755
2312
5530
3368
9976
7774
1623
2353
5157
2154
6815
5540
35
1574
3637
7188
2330
4437
8976
2373
7760
6201
3979
9945
1474
744
2305
9903
4809
1219
8039
2910
313
9295
2254
9637
5763
8041
7672
2817
3556
362
4196
5512
5316
1827
4140
4887
2789
4049
4953
2052
5190
2330
8928
4953
45
9207
3926
3137
9271
3723
6534
348
4744
4805
9188
3291
7929
5939
5829
2707
6268
7507
6394
5916
5010
2578
9100
8358
6862
1781
851
5378
3471
2900
364
4449
2113
1302
5609
2358
8129
7967
7066
1506
8725
2955
912
4384
6510
3451
1762
5547
1812
7211
2881
5959
1274
4158
2870
5449
6441
1189
1752
5203
186
7812
6124
3714
651
3163
2554
6408
2111
8122
799
1301
9671
9830
3541
444
15
9687
7335
9699
3576
113
272
7404
4445
9773
5435
5882
3081
1788
5648
8420
3464
4491
4271
8336
732
9735
8792
6065
7515
9436
8869
4808
7200
7089
8098
5234
200
7304
9292
4938
4903
3088
6325
8950
8443
7539
1720
3446
3701
3906
8060
5976
8005
5551
3025
2043
5870
5258
2428
9673
2856
1531
2940
707
91
8067
6381
10
9344
1415
436
1520
6684
982
6428
3123
8668
5029
3397
699
8808
6038
9155
5375
3610
8962
3194
7015
6853
6242
3386
1284
8021
4191
8266
7231
5751
6383
9334
7279
23
1012
3314
1758
7441
840
2600
5658
2404
6312
3190
6162
3202
4700
3371
5695
6200
716
3106
6713
3085
6947
3651
1287
5917
5653
9245
613
2178
7037
7913
7064
7385
2878
6394
4091
5919
8630
4981
7381
1717
1492
1683
4018
9191
6780
1527
5094
1345
9992
6041
1201
6422
7359
16
9544
6618
3401
7473
6035
2421
20
6461
5661
3929
8006
2751
9661
6170
8478
5826
8600
8857
8752
6625
6307
2306
4396
5451
819
291
6822
164
4963
7511
3671
9324
1026
4024
7451
2306
1072
1545
6414
8569
6898
6778
510
1245
1379
5144
4390
6002
5983
4157
8893
4740
7626
9512
2244
5096
1718
8482
2259
952
7231
4625
1264
6212
3948
5002
6150
3909
1641
6092
6995
5452
5894
7453
9046
205
5502
2775
4486
3978
1949
6434
2377
6029
2326
9921
7458
8154
3248
6584
1040
6132
4805
5007
178
3357
402
1043
4459
8823
450
6047
3339
6815
5322
4151
726
3612
5703
4570
7725
7325
6548
5888
8866
582
4207
8005
1956
2185
4988
4018
6757
3107
7376
8700
3097
4219
9492
2409
4751
8012
7942
9299
1423
4224
4167
6517
7534
9776
9645
6695
3135
6703
1847
9506
9263
7878
8718
9309
7301
9227
643
4977
9515
8890
5345
4892
5826
8285
2971
4785
96
7425
5745
8603
7732
6972
8984
2926
5242
2522
8051
3568
1542
2362
8817
8959
255
8598
7651
8665
2048
2922
560
6955
6106
2538
151
749
267
8815
3374
8428
57
1050
2616
1043
7857
452
7663
249
4827
4870
6278
7938
9795
3131
6716
1004
1352
8930
6343
903
1603
8129
6733
1774
2670
80
7087
2754
9903
3081
4651
9818
8977
6473
2893
9999
7605
7021
5681
6137
6385
5215
8389
3483
7502
7915
4972
382
4430
7371
3367
4064
572
3049
315
9105
9865
1948
630
547
7769
5118
5306
5811
6774
2934
7438
9603
6596
9376
4869
3791
5548
6011
3726
9889
6249
9688
7571
5222
5769
4041
2736
5114
7618
3840
1629
2500
528
2914
2253
3262
6937
963
4028
284
2228
1881
7087
1709
4373
6418
4668
9241
2403
4954
5980
445
1336
1986
9941
4940
599
2483
8596
8158
2812
1737
2674
7908
9846
4516
758
8363
3491
6402
7829
3290
8775
32
8594
5348
8999
1621
5889
1117
2902
8659
4764
2127
6002
7905
8334
638
133
3975
2423
5150
7488
2674
2139
4710
8017
9993
5089
2984
2008
7213
2676
2706
2796
4924
3082
8700
8167
3906
6974
2929
2784
8845
9687
8185
8154
1592
1716
8006
1119
4333
2722
9106
6595
9399
2908
9240
5422
1714
9663
7765
3532
1910
6625
8384
4409
2979
6989
3550
2799
1005
2756
7839
3985
1015
6925
3234
9597
2238
6146
2721
7869
3219
7225
9822
3555
6095
2076
807
286
1112
2183
3191
6060
6986
5462
8803
762
51
5515
2253
3150
5332
5715
5939
3560
5641
8294
841
7760
577
1664
8350
6810
5948
7587
2078
7609
5499
3452
228
8846
1117
3968
8433
7512
4662
828
216
1818
4491
8567
7197
7413
2353
9744
4024
5097
1840
2820
3611
9927
7874
1677
6746
3520
7792
6582
6361
3677
8523
2575
847
8017
1081
2772
2679
1215
3123
863
8303
8654
2698
9212
2767
2822
1452
6404
7870
2629
3560
814
5777
9963
7424
4839
953
2268
792
7802
2069
4708
6369
4218
2063
558
4217
8106
8976
3882
9271
3335
2321
4245
7178
4617
9804
9255
9306
3684
7006
7055
8262
443
8286
7545
8544
9441
605
8060
3059
7854
3229
6535
5152
2402
5357
2737
7528
9061
571
6086
3962
1279
1755
6760
7100
9503
2575
5339
5748
7263
1993
5057
8098
6803
6390
9889
3068
292
9823
1175
584
1058
6710
5228
3018
2905
2812
4500
4236
4630
9742
5243
9756
1125
5466
5350
1354
2087
8227
7052
2141
4270
4197
509
3595
3489
9731
5980
4340
8108
7621
4209
1545
6643
2933
6949
9762
8269
8145
2132
8719
6529
9141
1087
1156
3342
3342
8440
4106
2534
8759
8825
2242
9541
8065
8400
9837
6671
4929
3297
8709
1390
801
1614
3109
8444
9085
303
8947
5315
229
3428
3938
4524
5629
3652
7354
5564
452
4521
2853
3900
5476
7151
5575
4379
5900
1246
5145
1663
672
7046
9522
816
9359
1741
746
7099
4833
1192
2526
5146
9116
5356
1369
4247
6617
3747
7477
8232
3691
5438
8986
5581
5959
6681
3302
7818
5138
8010
2260
1997
5301
1886
3621
6122
4380
1380
28
4751
537
170
7958
5662
4568
4225
3439
7521
8899
5937
8330
2722
936
2186
839
9261
3524
8835
6585
378
8122
5513
2025
994
6901
6158
334
5486
8441
2800
942
2236
7960
2296
7830
6570
7078
8348
8451
5185
9997
4022
4638
1987
2690
3195
9251
7358
9186
2900
7462
326
4377
2353
9565
5839
5887
8613
2971
7416
8511
3293
4692
8792
3485
9488
1972
6889
1398
3212
8022
2411
1992
9011
1792
3685
6239
5126
5618
3973
6124
9635
2214
2437
5387
5320
2969
4149
91
7642
2817
5130
1354
7211
3009
4244
3825
5373
2081
4963
2561
9142
7011
6530
7864
9608
1096
5818
2296
6160
2457
8336
6638
7378
7231
9254
1868
8314
4474
3049
2353
3002
5626
3447
1424
511
9955
3711
4236
2647
8837
973
4412
1465
5952
7354
334
5184
7504
4864
4157
1789
6454
751
1618
643
7387
4846
3546
3759
4144
742
606
47
617
8167
1269
7792
6231
4798
9232
2921
1522
1942
626
3179
5983
9996
3195
1256
9872
6417
9349
3106
4027
1049
2506
1229
6905
1068
1431
6519
6050
582
466
6457
1967
7956
4431
1841
5985
7296
5797
9082
140
9248
8242
119
6282
194
5155
7471
3696
8314
3780
7600
9377
9529
5754
1821
2725
6321
2593
314
6959
7648
316
1461
2803
8733
847
5669
6115
5377
9094
140
39
8631
3679
8620
3995
2134
6173
8078
6361
6276
8388
2441
5053
411
9792
2094
379
6815
7435
6638
7506
7813
8900
7575
1701
554
4746
7055
8080
2293
685
8585
9025
2706
1270
5689
6670
8770
6298
4911
4879
2040
8296
275
5000
7779
4491
7318
2354
323
9474
6173
5883
9318
5405
4820
1676
6996
5054
5585
2202
7572
9239
241
6983
5972
4282
1661
7189
4649
7004
2865
6141
3994
4457
7516
119
4028
3120
9458
8963
2445
7609
2705
4017
6845
2054
7460
1677
7043
8292
2197
4476
6715
3745
6618
7999
2320
8443
5378
1194
1231
5032
7876
9656
313
7809
5134
6326
817
6818
782
1717
5366
903
9542
6253
8088
9190
3222
582
9468
3977
1216
5876
3396
9228
9765
4974
5043
7967
1842
7027
4711
8725
7398
2793
4592
5922
1946
5104
2508
1549
9958
9191
9115
5854
8426
535
2825
2865
5032
3693
9723
2519
4900
4162
4158
4958
9624
6747
9349
4081
2391
8156
6344
6866
3384
8534
3983
2151
410
6566
2120
7567
668
5393
5329
6173
955
2089
4492
4928
5238
1728
9316
5629
479
8184
5606
5165
3887
7715
7365
6047
7359
8109
5266
18
7761
5706
9825
7283
4914
5003
9775
1381
2699
635
3506
5056
2493
9602
4254
5614
2343
2314
7705
9211
9696
4692
4111
2253
342
9948
5653
4692
1247
7903
3812
4359
412
1738
787
3692
2567
6949
3640
218
5556
4902
9772
9965
8591
3906
7578
8631
228
3986
6676
8769
850
7641
8003
2511
1735
7811
5216
8430
382
5980
5348
8023
9652
7894
8495
1986
6491
1732
3382
8982
4562
3718
8136
9898
3898
9159
3302
8746
9887
2678
7228
7302
3332
9998
2271
4325
3116
5082
4007
1788
3091
635
4582
9935
5207
7025
5669
158
1609
4534
